129.167	-15935.7	48.686	-15887	0
294.086	-15944.4	110.848	-15833.6	5e-06
490.343	-15965.8	184.821	-15781	1e-05
677.264	-15991.1	255.276	-15735.9	1.5e-05
851.966	-16011.2	321.125	-15690.1	2e-05
967.828	-16018.4	364.796	-15653.6	2.5e-05
1044.34	-16009.3	393.635	-15615.6	3e-05
1076.76	-15984	405.856	-15578.2	3.5e-05
1067.84	-15946.7	402.492	-15544.2	4e-05
1051.95	-15903.7	396.504	-15507.2	4.5e-05
1039.87	-15861.5	391.949	-15469.6	5e-05
1033.97	-15824.9	389.728	-15435.2	5.5e-05
1073.5	-15795.6	404.625	-15391	6e-05
1101.22	-15772	415.074	-15356.9	6.5e-05
1154.92	-15751	435.315	-15315.7	7e-05
1175.9	-15729.7	443.224	-15286.4	7.5e-05
1214.62	-15706.8	457.817	-15249	8e-05
1235.25	-15683	465.593	-15217.4	8.5e-05
1244.88	-15659.8	469.223	-15190.6	9e-05
1283.63	-15638.9	483.828	-15155.1	9.5e-05
1325.55	-15620.9	499.63	-15121.2	0.0001
1352.2	-15605.2	509.674	-15095.5	0.000105
1379.83	-15591.3	520.089	-15071.2	0.00011
1416.61	-15578.1	533.954	-15044.2	0.000115
1456.39	-15564.4	548.946	-15015.5	0.00012
1505.89	-15549.2	567.603	-14981.6	0.000125
1536.36	-15531.9	579.088	-14952.8	0.00013
1570.55	-15513.3	591.975	-14921.3	0.000135
1585.45	-15494.6	597.59	-14897	0.00014
1614.75	-15477.6	608.637	-14869	0.000145
1637.15	-15463	617.079	-14845.9	0.00015
1661.75	-15450.8	626.352	-14824.5	0.000155
1701.95	-15440.1	641.503	-14798.6	0.00016
1745.95	-15429.3	658.089	-14771.2	0.000165
1788.6	-15417.1	674.162	-14742.9	0.00017
1819.17	-15403	685.685	-14717.3	0.000175
1834.44	-15388	691.441	-14696.5	0.00018
1849.93	-15373.6	697.28	-14676.4	0.000185
1874.82	-15361.5	706.663	-14654.8	0.00019
1910.99	-15352.1	720.295	-14631.8	0.000195
1949.42	-15344.8	734.779	-14610.1	0.0002
1979.53	-15338.3	746.129	-14592.1	0.000205
2021.15	-15330.8	761.818	-14569	0.00021
2049.83	-15321.4	772.627	-14548.8	0.000215
2064.83	-15310.5	778.282	-14532.2	0.00022
2078.56	-15299.5	783.456	-14516.1	0.000225
2087.94	-15290.3	786.993	-14503.4	0.00023
2141.6	-15283.2	807.216	-14476	0.000235
2159.19	-15276	813.847	-14462.1	0.00024
2171.7	-15266.4	818.561	-14447.9	0.000245
2186.23	-15253.7	824.04	-14429.7	0.00025
2180.47	-15238.7	821.867	-14416.8	0.000255
2196.2	-15224.5	827.796	-14396.7	0.00026
2217.64	-15213.2	835.879	-14377.4	0.000265
2239.77	-15205.2	844.22	-14360.9	0.00027
2271.16	-15200	856.051	-14343.9	0.000275
2272.23	-15193.8	856.456	-14337.3	0.00028
2295.4	-15184.9	865.186	-14319.7	0.000285
2313.48	-15172.8	872.003	-14300.8	0.00029
2311.63	-15160	871.306	-14288.7	0.000295
2315.32	-15150.5	872.698	-14277.8	0.0003
2340.91	-15146.9	882.343	-14264.5	0.000305
2370.13	-15149.3	893.355	-14255.9	0.00031
2418.37	-15155	911.538	-14243.5	0.000315
2460.33	-15160	927.353	-14232.6	0.00032
2497.89	-15160.2	941.511	-14218.7	0.000325
2500.38	-15154.3	942.45	-14211.9	0.00033
2482.07	-15143.8	935.547	-14208.2	0.000335
2478.31	-15131.4	934.129	-14197.2	0.00034
2474.12	-15119.6	932.553	-14187.1	0.000345
2464.88	-15110	929.068	-14180.9	0.00035
2449.87	-15102.9	923.411	-14179.4	0.000355
2469.96	-15098.9	930.983	-14168	0.00036
2495.03	-15097.6	940.435	-14157.1	0.000365
2516.56	-15096.9	948.548	-14148.4	0.00037
2530.21	-15095	953.695	-14141.3	0.000375
2531.1	-15090.5	954.028	-14136.4	0.00038
2537.38	-15083.5	956.397	-14127.1	0.000385
2555.9	-15075.1	963.378	-14111.7	0.00039
2576.05	-15065.9	970.971	-14094.9	0.000395
2589.51	-15056.2	976.043	-14080.2	0.0004
2587.57	-15047	975.315	-14071.7	0.000405
2612.36	-15038.9	984.656	-14054.2	0.00041
2593.28	-15031.5	977.468	-14054.1	0.000415
2592.93	-15025	977.335	-14047.7	0.00042
2571.4	-15019.4	969.217	-14050.2	0.000425
2566.91	-15014.9	967.527	-14047.4	0.00043
2588.87	-15012	975.804	-14036.2	0.000435
2611.36	-15011	984.282	-14026.7	0.00044
2628.41	-15011.8	990.708	-14021.1	0.000445
2647.17	-15013.5	997.777	-14015.7	0.00045
2656	-15015.3	1001.11	-14014.1	0.000455
2674.09	-15016.4	1007.92	-14008.5	0.00046
2683.37	-15016.3	1011.42	-14004.9	0.000465
2713.52	-15015	1022.79	-13992.2	0.00047
2726.02	-15012.4	1027.5	-13984.9	0.000475
2746.58	-15009	1035.25	-13973.7	0.00048
2764.16	-15005.8	1041.87	-13963.9	0.000485
2770.71	-15003.9	1044.34	-13959.6	0.00049
2787.33	-15004.4	1050.61	-13953.8	0.000495
2812.77	-15007.3	1060.2	-13947.1	0.0005
2831.41	-15011.5	1067.22	-13944.3	0.000505
2838.87	-15014.6	1070.03	-13944.6	0.00051
2853.73	-15014.7	1075.63	-13939	0.000515
2847.46	-15010.4	1073.27	-13937.2	0.00052
2854.04	-15002.6	1075.75	-13926.9	0.000525
2847.76	-14992.8	1073.39	-13919.4	0.00053
2818.16	-14982.8	1062.23	-13920.6	0.000535
2803.37	-14978.5	1056.65	-13921.9	0.00054
2805.11	-14978.1	1057.31	-13920.8	0.000545
2834.43	-14980.4	1068.36	-13912	0.00055
2854.76	-14980.9	1076.02	-13904.9	0.000555
2839.57	-14976.9	1070.3	-13906.6	0.00056
2826.81	-14969.3	1065.49	-13903.8	0.000565
2817.92	-14961.6	1062.14	-13899.4	0.00057
2792.66	-14956.6	1052.62	-13904	0.000575
2794.85	-14955.9	1053.44	-13902.4	0.00058
2819.56	-14957.6	1062.76	-13894.8	0.000585
2841.16	-14959	1070.9	-13888.1	0.00059
2848.02	-14956.4	1073.48	-13882.9	0.000595
2818.62	-14948.5	1062.4	-13886.1	0.0006
2816.68	-14937.9	1061.67	-13876.3	0.000605
2824.06	-14929.1	1064.45	-13864.6	0.00061
2838.68	-14925.2	1069.96	-13855.2	0.000615
2858.77	-14926.2	1077.54	-13848.7	0.00062
2858.4	-14927.9	1077.39	-13850.5	0.000625
2848.12	-14924.7	1073.52	-13851.2	0.00063
2826.14	-14915.5	1065.23	-13850.2	0.000635
2818.02	-14904.7	1062.18	-13842.5	0.00064
2828.33	-14898.3	1066.06	-13832.3	0.000645
2848.79	-14898.3	1073.77	-13824.5	0.00065
2841.4	-14902.8	1070.99	-13831.8	0.000655
2879.98	-14910.5	1085.53	-13825	0.00066
2920.54	-14920.5	1100.82	-13819.7	0.000665
2968.13	-14930.2	1118.75	-13811.4	0.00067
2986.81	-14935.2	1125.8	-13809.4	0.000675
2989.2	-14933.6	1126.7	-13806.9	0.00068
2983.52	-14926.5	1124.56	-13802	0.000685
2971.29	-14917.6	1119.95	-13797.7	0.00069
2934.85	-14910.8	1106.21	-13804.5	0.000695
2954.81	-14909	1113.74	-13795.3	0.0007
2964.74	-14912.4	1117.48	-13795	0.000705
3000.04	-14918.7	1130.78	-13787.9	0.00071
3018.81	-14924.2	1137.86	-13786.4	0.000715
3018.23	-14924.8	1137.64	-13787.1	0.00072
3019.91	-14919.6	1138.27	-13781.4	0.000725
2976.12	-14910.4	1121.77	-13788.6	0.00073
2934.94	-14899.4	1106.24	-13793.1	0.000735
2907.2	-14888.6	1095.79	-13792.8	0.00074
2887.75	-14880.4	1088.46	-13791.9	0.000745
2877.29	-14877.2	1084.52	-13792.7	0.00075
2904.2	-14880	1094.66	-13785.4	0.000755
2939.84	-14885.7	1108.09	-13777.6	0.00076
2969.01	-14890.2	1119.09	-13771.1	0.000765
2987.33	-14892.1	1125.99	-13766.1	0.00077
2997.82	-14892.2	1129.94	-13762.3	0.000775
3001.59	-14891.7	1131.37	-13760.4	0.00078
3003.04	-14891.6	1131.92	-13759.7	0.000785
3011.65	-14892.8	1135.16	-13757.6	0.00079
3026.46	-14894.7	1140.74	-13753.9	0.000795
3039.3	-14894.4	1145.58	-13748.9	0.0008
2987.86	-14890.2	1126.19	-13764	0.000805
2990.49	-14883.9	1127.18	-13756.7	0.00081
2986.04	-14878.4	1125.51	-13752.9	0.000815
2971.85	-14876.4	1120.16	-13756.2	0.00082
2980.17	-14879.1	1123.29	-13755.8	0.000825
3001.9	-14885.2	1131.48	-13753.7	0.00083
3012.41	-14891.8	1135.45	-13756.3	0.000835
3019.82	-14896.2	1138.24	-13758	0.00084
3003.3	-14897.7	1132.01	-13765.6	0.000845
2985.63	-14897	1125.35	-13771.6	0.00085
2974.17	-14895.6	1121.03	-13774.6	0.000855
2959.64	-14894	1115.55	-13778.4	0.00086
2981.06	-14891.1	1123.63	-13767.5	0.000865
2943.03	-14885.5	1109.29	-13776.3	0.00087
2925.6	-14878.6	1102.72	-13775.9	0.000875
2893.9	-14872.6	1090.78	-13781.8	0.00088
2894.35	-14869.9	1090.95	-13779	0.000885
2948.89	-14870.7	1111.5	-13759.2	0.00089
2966.82	-14872.9	1118.26	-13754.6	0.000895
2989.04	-14874.7	1126.64	-13748.1	0.0009
2994.25	-14873.2	1128.6	-13744.6	0.000905
2987.24	-14866.4	1125.96	-13740.5	0.00091
2970.08	-14856.3	1119.49	-13736.8	0.000915
2945.53	-14847.8	1110.24	-13737.6	0.00092
2940.19	-14844.8	1108.22	-13736.6	0.000925
2955.7	-14848.2	1114.07	-13734.1	0.00093
2960.18	-14855.9	1115.76	-13740.1	0.000935
2976.69	-14865	1121.98	-13743	0.00094
3009.45	-14872.6	1134.33	-13738.3	0.000945
3023.28	-14876	1139.54	-13736.5	0.00095
3014.58	-14873.8	1136.26	-13737.6	0.000955
2988.12	-14866.4	1126.29	-13740.1	0.00096
2981.93	-14856.7	1123.96	-13732.7	0.000965
2970.34	-14849.3	1119.59	-13729.7	0.00097
2967.31	-14849.3	1118.45	-13730.9	0.000975
2985.11	-14858.3	1125.16	-13733.2	0.00098
3034.03	-14871.9	1143.59	-13728.3	0.000985
3061.73	-14881.4	1154.04	-13727.4	0.00099
3066.33	-14880	1155.77	-13724.2	0.000995
3009.68	-14868.8	1134.41	-13734.4	0.001
2985.11	-14855.7	1125.16	-13730.6	0.001005
2976.4	-14847.3	1121.87	-13725.4	0.00101
2969.03	-14845.2	1119.1	-13726.2	0.001015
2984.96	-14847.3	1125.1	-13722.2	0.00102
2987.72	-14849	1126.14	-13722.9	0.001025
2986.43	-14846.6	1125.65	-13721	0.00103
2991.18	-14840.3	1127.44	-13712.9	0.001035
2967.62	-14833.6	1118.56	-13715.1	0.00104
2955.76	-14831.2	1114.09	-13717.1	0.001045
2967.44	-14834.2	1118.49	-13715.7	0.00105
2987.12	-14838.8	1125.91	-13712.9	0.001055
3012.86	-14841.4	1135.62	-13705.8	0.00106
3012.52	-14841.6	1135.49	-13706.1	0.001065
2984.72	-14840.5	1125.01	-13715.5	0.00107
2994.14	-14839.2	1128.56	-13710.6	0.001075
2989.96	-14837.9	1126.98	-13710.9	0.00108
2977.91	-14837.8	1122.44	-13715.3	0.001085
3003.63	-14840.5	1132.14	-13708.3	0.00109
3027.31	-14846.2	1141.06	-13705.1	0.001095
3029.49	-14852.6	1141.88	-13710.7	0.0011
3044.73	-14856.9	1147.63	-13709.3	0.001105
3025.77	-14857.1	1140.48	-13716.6	0.00111
2998.68	-14853.3	1130.27	-13723	0.001115
2970.06	-14849.7	1119.48	-13730.2	0.00112
2991.3	-14850.6	1127.49	-13723.1	0.001125
2991.92	-14856.4	1127.72	-13728.7	0.00113
2999.25	-14864	1130.48	-13733.5	0.001135
3019.89	-14870.4	1138.27	-13732.1	0.00114
3011.89	-14875	1135.25	-13739.7	0.001145
3029.7	-14877.8	1141.96	-13735.8	0.00115
3015.2	-14877.5	1136.5	-13741	0.001155
2992.21	-14873.4	1127.83	-13745.6	0.00116
2971.25	-14865.5	1119.93	-13745.6	0.001165
2943.88	-14855.5	1109.62	-13745.9	0.00117
2931.31	-14846.7	1104.88	-13741.8	0.001175
2951.69	-14842.4	1112.56	-13729.9	0.00118
2951.21	-14844.1	1112.38	-13731.7	0.001185
2955	-14851.4	1113.81	-13737.6	0.00119
2980.7	-14862.7	1123.49	-13739.2	0.001195
3013.19	-14874.6	1135.74	-13738.9	0.0012
3039.61	-14884.5	1145.7	-13738.8	0.001205
3067.84	-14888.3	1156.34	-13731.9	0.00121
3049.16	-14884.1	1149.3	-13734.8	0.001215
3025.61	-14876.4	1140.42	-13736	0.00122
3021.52	-14867.6	1138.88	-13728.8	0.001225
3013.35	-14860.6	1135.8	-13724.8	0.00123
2999.92	-14853.9	1130.74	-13723.2	0.001235
2987.91	-14848	1126.21	-13721.8	0.00124
2969.57	-14845.6	1119.3	-13726.3	0.001245
2978.08	-14849.5	1122.51	-13727	0.00125
3023.93	-14859.2	1139.79	-13719.4	0.001255
3033.83	-14870.5	1143.52	-13727	0.00126
3058.97	-14878.6	1153	-13725.6	0.001265
3045.91	-14880.3	1148.07	-13732.2	0.00127
3017.56	-14875.8	1137.39	-13738.4	0.001275
2968.44	-14868.3	1118.87	-13749.4	0.00128
2961.98	-14861.2	1116.44	-13744.8	0.001285
2952.02	-14856.6	1112.68	-13743.9	0.00129
2933.47	-14855	1105.69	-13749.3	0.001295
2923.06	-14855.3	1101.77	-13753.5	0.0013
2924.63	-14854.9	1102.36	-13752.5	0.001305
2902.36	-14851.6	1093.97	-13757.7	0.00131
2888.56	-14846.1	1088.76	-13757.4	0.001315
2866.87	-14841.3	1080.59	-13760.7	0.00132
2868.62	-14840.1	1081.25	-13758.9	0.001325
2889.16	-14843.1	1088.99	-13754.1	0.00133
2897.39	-14848.8	1092.09	-13756.7	0.001335
2907.68	-14854.4	1095.97	-13758.4	0.00134
2920.2	-14858.6	1100.69	-13757.9	0.001345
2949.59	-14861.4	1111.77	-13749.7	0.00135
2970.92	-14863	1119.81	-13743.2	0.001355
2968.57	-14862.8	1118.92	-13743.9	0.00136
2967.77	-14861.3	1118.62	-13742.6	0.001365
2963	-14858.9	1116.82	-13742.1	0.00137
2951.45	-14855.7	1112.47	-13743.3	0.001375
2945.49	-14852.3	1110.22	-13742.1	0.00138
2913.47	-14849.3	1098.15	-13751.1	0.001385
2913.8	-14849	1098.28	-13750.8	0.00139
2916.21	-14851.2	1099.19	-13752	0.001395
2941.24	-14853.4	1108.62	-13744.7	0.0014
2936.76	-14853.9	1106.93	-13746.9	0.001405
2910.59	-14853.4	1097.07	-13756.3	0.00141
2924.08	-14854.6	1102.15	-13752.4	0.001415
2952.65	-14858.4	1112.92	-13745.4	0.00142
2971.55	-14863.2	1120.04	-13743.1	0.001425
2992.56	-14867.1	1127.97	-13739.1	0.00143
2986.66	-14868.5	1125.74	-13742.8	0.001435
2991.1	-14867.4	1127.41	-13740	0.00144
2984.47	-14864.6	1124.92	-13739.7	0.001445
2949.2	-14861.8	1111.62	-13750.1	0.00145
2938.15	-14860.1	1107.46	-13752.6	0.001455
2946.65	-14859.7	1110.66	-13749.1	0.00146
2912.27	-14860	1097.7	-13762.3	0.001465
2895.33	-14862.4	1091.31	-13771.1	0.00147
2911.89	-14869.3	1097.56	-13771.8	0.001475
2942.88	-14881	1109.24	-13771.8	0.00148
2970.19	-14893.3	1119.53	-13773.8	0.001485
2996.66	-14900.5	1129.51	-13771	0.00149
3003.23	-14899.8	1131.98	-13767.8	0.001495
2982.92	-14893.4	1124.33	-13769.1	0.0015
2955.69	-14884.6	1114.07	-13770.5	0.001505
2959.67	-14877.5	1115.56	-13761.9	0.00151
2944.48	-14872.9	1109.84	-13763	0.001515
2925.62	-14871.4	1102.73	-13768.6	0.00152
2957.49	-14874.1	1114.74	-13759.3	0.001525
2989.59	-14879.4	1126.84	-13752.5	0.00153
2995.47	-14884.3	1129.06	-13755.3	0.001535
3020.9	-14886.3	1138.64	-13747.7	0.00154
3003.04	-14883.8	1131.91	-13751.9	0.001545
2961.55	-14877.9	1116.28	-13761.7	0.00155
2951.24	-14871.8	1112.39	-13759.4	0.001555
2926.66	-14867.7	1103.12	-13764.6	0.00156
2933.57	-14864.9	1105.73	-13759.1	0.001565
2937.21	-14861.6	1107.1	-13754.5	0.00157
2924.36	-14856	1102.26	-13753.8	0.001575
2920.93	-14849.4	1100.96	-13748.5	0.00158
2926.98	-14844.5	1103.25	-13741.3	0.001585
2922.96	-14843.1	1101.73	-13741.4	0.00159
2914.31	-14844.4	1098.47	-13745.9	0.001595
2909.39	-14847.5	1096.62	-13750.9	0.0016
2921.56	-14851.1	1101.2	-13749.9	0.001605
2957.08	-14855.3	1114.59	-13740.8	0.00161
2960.49	-14860.4	1115.88	-13744.6	0.001615
2960.59	-14865	1115.91	-13749	0.00162
2961.89	-14866.6	1116.4	-13750.2	0.001625
2965.3	-14865.2	1117.69	-13747.6	0.00163
2959.96	-14864.2	1115.68	-13748.5	0.001635
2964.28	-14866.6	1117.3	-13749.3	0.00164
2970.83	-14871.8	1119.77	-13752.1	0.001645
3000.61	-14876.9	1131	-13745.9	0.00165
3006.28	-14878.6	1133.14	-13745.5	0.001655
2985.16	-14875.8	1125.17	-13750.7	0.00166
2996.55	-14870.5	1129.47	-13741	0.001665
2981.84	-14866	1123.92	-13742.1	0.00167
2971.4	-14865.6	1119.99	-13745.6	0.001675
2963.11	-14868.2	1116.86	-13751.4	0.00168
2968.72	-14870.5	1118.98	-13751.5	0.001685
2963.64	-14869	1117.06	-13751.9	0.00169
2949.16	-14863.8	1111.61	-13752.2	0.001695
2950.77	-14858	1112.21	-13745.8	0.0017
2935.98	-14855.7	1106.64	-13749.1	0.001705
2955.94	-14859.5	1114.16	-13745.4	0.00171
2957.58	-14866.1	1114.78	-13751.3	0.001715
2967.82	-14871.4	1118.64	-13752.8	0.00172
2970.8	-14874.3	1119.76	-13754.5	0.001725
2981.1	-14875.3	1123.64	-13751.7	0.00173
2983.56	-14875	1124.57	-13750.4	0.001735
2990.56	-14872.6	1127.21	-13745.4	0.00174
2992.87	-14868.2	1128.08	-13740.1	0.001745
2995.29	-14863.2	1128.99	-13734.2	0.00175
2981.51	-14858.6	1123.8	-13734.8	0.001755
2971.6	-14854.4	1120.06	-13734.3	0.00176
2967.81	-14850.9	1118.64	-13732.2	0.001765
2958.52	-14849.3	1115.13	-13734.2	0.00177
2949.23	-14850.3	1111.63	-13738.7	0.001775
2960.73	-14853	1115.97	-13737	0.00178
2977.06	-14855.4	1122.12	-13733.3	0.001785
2981.02	-14856.7	1123.61	-13733.1	0.00179
2993.25	-14857.5	1128.23	-13729.3	0.001795
2989.61	-14857.4	1126.85	-13730.6	0.0018
2981.94	-14855	1123.96	-13731.1	0.001805
2978.95	-14850	1122.83	-13727.2	0.00181
2953.61	-14843.2	1113.28	-13729.9	0.001815
2932.76	-14838.4	1105.42	-13733	0.00182
2968.38	-14838.8	1118.85	-13719.9	0.001825
2988.65	-14844.2	1126.49	-13717.7	0.00183
3007.12	-14852.9	1133.45	-13719.4	0.001835
3058.49	-14861.4	1152.81	-13708.6	0.00184
3039.79	-14865.1	1145.77	-13719.4	0.001845
3033.64	-14862.1	1143.45	-13718.7	0.00185
3011.53	-14854.4	1135.11	-13719.3	0.001855
2991.3	-14845.7	1127.49	-13718.2	0.00186
2993.62	-14841	1128.36	-13712.6	0.001865
2993.02	-14838.2	1128.14	-13710.1	0.00187
3006.01	-14836.8	1133.03	-13703.8	0.001875
2998.89	-14837	1130.35	-13706.7	0.00188
2985.89	-14838.2	1125.45	-13712.7	0.001885
2986.84	-14839.7	1125.81	-13713.9	0.00189
3015.89	-14840.6	1136.76	-13703.9	0.001895
3014.86	-14840	1136.37	-13703.7	0.0019
2986.76	-14837.8	1125.78	-13712.1	0.001905
2977.62	-14835.7	1122.33	-13713.4	0.00191
2985.1	-14834.7	1125.15	-13709.6	0.001915
2980.57	-14835.6	1123.44	-13712.2	0.00192
2982.49	-14839.4	1124.17	-13715.2	0.001925
2982.85	-14846.2	1124.3	-13721.9	0.00193
3031.42	-14852.8	1142.61	-13710.2	0.001935
3037.95	-14853.8	1145.07	-13708.8	0.00194
3027.07	-14847.2	1140.97	-13706.2	0.001945
2995.79	-14836.6	1129.18	-13707.4	0.00195
2986.55	-14828.7	1125.7	-13703	0.001955
2983.98	-14827.5	1124.73	-13702.8	0.00196
2958.83	-14830.2	1115.25	-13714.9	0.001965
2989.27	-14834.5	1126.72	-13707.8	0.00197
3001.37	-14837.5	1131.29	-13706.3	0.001975
2999.88	-14837	1130.72	-13706.2	0.00198
3014.09	-14831.3	1136.08	-13695.2	0.001985
3008.47	-14821.6	1133.96	-13687.6	0.00199
2998.47	-14810.6	1130.19	-13680.4	0.001995
2987.96	-14800.5	1126.23	-13674.3	0.002
2953.55	-14793.3	1113.26	-13680	0.002005
2952.36	-14791	1112.81	-13678.2	0.00201
2980.87	-14795.6	1123.56	-13672	0.002015
3003.68	-14806.5	1132.15	-13674.4	0.00202
3066.58	-14821.9	1155.86	-13666	0.002025
3096.45	-14835.8	1167.12	-13668.7	0.00203
3106.6	-14842.5	1170.95	-13671.5	0.002035
3093.17	-14840.7	1165.89	-13674.8	0.00204
3070.46	-14833.5	1157.32	-13676.2	0.002045
3076.33	-14825.7	1159.54	-13666.1	0.00205
3044.18	-14820.2	1147.42	-13672.8	0.002055
3034.99	-14818.2	1143.96	-13674.3	0.00206
3057.65	-14818.6	1152.5	-13666.1	0.002065
3054.96	-14819.6	1151.48	-13668.1	0.00207
3073.89	-14822.1	1158.62	-13663.5	0.002075
3070.41	-14825	1157.31	-13667.7	0.00208
3056	-14826.2	1151.88	-13674.3	0.002085
3043.07	-14825.2	1147	-13678.2	0.00209
3039.9	-14823.3	1145.81	-13677.5	0.002095
3026.08	-14821.5	1140.6	-13680.9	0.0021
3034.09	-14819.2	1143.62	-13675.6	0.002105
2998.04	-14814.9	1130.03	-13684.9	0.00211
3003.19	-14808.9	1131.97	-13676.9	0.002115
2976.56	-14802.2	1121.93	-13680.2	0.00212
2962.82	-14795.8	1116.75	-13679	0.002125
2948.05	-14790	1111.19	-13678.8	0.00213
2951.18	-14784.3	1112.37	-13672	0.002135
2942.38	-14778.8	1109.05	-13669.7	0.00214
2950.74	-14774.4	1112.2	-13662.2	0.002145
2950.92	-14773.9	1112.27	-13661.6	0.00215
2980.23	-14779.3	1123.32	-13655.9	0.002155
3022.87	-14790.6	1139.39	-13651.3	0.00216
3036.37	-14805.3	1144.47	-13660.8	0.002165
3088.02	-14819.3	1163.95	-13655.3	0.00217
3099.3	-14829.5	1168.2	-13661.3	0.002175
3126.93	-14834.6	1178.61	-13656	0.00218
3131.48	-14832.9	1180.33	-13652.5	0.002185
3106.99	-14823.2	1171.09	-13652.1	0.00219
3034.77	-14807.8	1143.87	-13664	0.002195
2994.2	-14793	1128.58	-13664.4	0.0022
2993.03	-14784.2	1128.14	-13656	0.002205
2993.59	-14786	1128.35	-13657.6	0.00221
3026.37	-14796.3	1140.71	-13655.6	0.002215
3034.66	-14811.2	1143.83	-13667.4	0.00222
3092.78	-14823.7	1165.74	-13658	0.002225
3089.03	-14827.9	1164.32	-13663.5	0.00223
3080.69	-14821.7	1161.18	-13660.5	0.002235
3064.41	-14811.6	1155.04	-13656.5	0.00224
3030.32	-14805.3	1142.2	-13663.1	0.002245
3025.84	-14806.6	1140.51	-13666.1	0.00225
3028.16	-14812.9	1141.38	-13671.5	0.002255
3022.41	-14818.3	1139.21	-13679.1	0.00226
3039.6	-14818.2	1145.69	-13672.5	0.002265
3021.09	-14810.9	1138.72	-13672.2	0.00227
3020.57	-14800.4	1138.52	-13661.8	0.002275
3036.61	-14790.9	1144.57	-13646.3	0.00228
3015.27	-14784.1	1136.53	-13647.6	0.002285
3005.77	-14780.4	1132.94	-13647.5	0.00229
2997.32	-14778.5	1129.76	-13648.7	0.002295
2989.75	-14777.1	1126.9	-13650.2	0.0023
2998.69	-14774.8	1130.28	-13644.5	0.002305
2984.22	-14771.6	1124.82	-13646.8	0.00231
2976.78	-14769.7	1122.02	-13647.7	0.002315
2962.75	-14771.6	1116.73	-13654.9	0.00232
3011.84	-14778.1	1135.23	-13642.9	0.002325
3030.89	-14787.3	1142.41	-13644.9	0.00233
3049.15	-14795	1149.29	-13645.7	0.002335
3043.89	-14798.4	1147.31	-13651.1	0.00234
3034.76	-14797.2	1143.87	-13653.3	0.002345
3027.55	-14794.1	1141.15	-13653	0.00235
3039.6	-14793.4	1145.69	-13647.7	0.002355
3041.74	-14795.7	1146.5	-13649.2	0.00236
3057.05	-14800.5	1152.27	-13648.3	0.002365
3082.05	-14805.4	1161.69	-13643.7	0.00237
3099.29	-14810.7	1168.19	-13642.5	0.002375
3084.24	-14813.6	1162.52	-13651.1	0.00238
3091.5	-14813.2	1165.26	-13647.9	0.002385
3078.23	-14809.3	1160.26	-13649	0.00239
3041.11	-14804	1146.26	-13657.7	0.002395
3023.34	-14799.5	1139.57	-13660	0.0024
2999.58	-14796.4	1130.61	-13665.8	0.002405
3014.39	-14794.4	1136.19	-13658.2	0.00241
2990.06	-14792.1	1127.02	-13665.1	0.002415
2998.41	-14789.9	1130.17	-13659.7	0.00242
2998.48	-14788.4	1130.2	-13658.2	0.002425
2991.89	-14788.9	1127.71	-13661.2	0.00243
3020.1	-14791.3	1138.34	-13653	0.002435
2991.31	-14793.5	1127.49	-13666	0.00244
2985.61	-14794.2	1125.34	-13668.9	0.002445
2985.81	-14794.4	1125.42	-13669	0.00245
2982.73	-14795.3	1124.26	-13671.1	0.002455
2972.29	-14797.7	1120.32	-13677.3	0.00246
2989.61	-14799.7	1126.85	-13672.9	0.002465
2993.66	-14799.9	1128.38	-13671.5	0.00247
3000.33	-14797.5	1130.89	-13666.6	0.002475
2979.72	-14795.6	1123.12	-13672.5	0.00248
2971.76	-14796.9	1120.12	-13676.8	0.002485
3006.24	-14800.7	1133.12	-13667.6	0.00249
3014.07	-14804.8	1136.07	-13668.8	0.002495
3030.6	-14807.1	1142.3	-13664.8	0.0025
3018.56	-14805.5	1137.76	-13667.7	0.002505
3002.97	-14802	1131.89	-13670.1	0.00251
2991.35	-14798.9	1127.51	-13671.4	0.002515
2974.31	-14798.4	1121.08	-13677.3	0.00252
3002.96	-14799.3	1131.88	-13667.4	0.002525
3003.39	-14799	1132.04	-13667	0.00253
2991.07	-14797.2	1127.4	-13669.8	0.002535
3005.38	-14795.1	1132.8	-13662.3	0.00254
2984.09	-14792.7	1124.77	-13668	0.002545
2997.96	-14790.3	1130	-13660.3	0.00255
2980.41	-14787.8	1123.39	-13664.4	0.002555
2965.22	-14786.5	1117.66	-13668.8	0.00256
2965.86	-14788	1117.9	-13670.1	0.002565
2984.57	-14792.9	1124.95	-13667.9	0.00257
2987.91	-14798.2	1126.21	-13672	0.002575
2991.99	-14800.2	1127.75	-13672.4	0.00258
2976.11	-14797.8	1121.76	-13676.1	0.002585
2982.19	-14793.4	1124.05	-13669.3	0.00259
2942.31	-14790.3	1109.02	-13681.3	0.002595
2942.73	-14790.8	1109.18	-13681.6	0.0026
2950.31	-14794.6	1112.04	-13682.6	0.002605
2966.2	-14800.4	1118.03	-13682.4	0.00261
2988.16	-14806	1126.31	-13679.7	0.002615
3012.92	-14809.9	1135.64	-13674.3	0.00262
3017.19	-14812.3	1137.25	-13675	0.002625
3027.28	-14813.4	1141.05	-13672.3	0.00263
3041.35	-14812.3	1146.35	-13666	0.002635
2998.93	-14807.5	1130.36	-13677.1	0.00264
2991.63	-14800.1	1127.61	-13672.5	0.002645
2970.47	-14793.4	1119.64	-13673.7	0.00265
2974.85	-14791.2	1121.29	-13669.9	0.002655
2979.85	-14794.3	1123.17	-13671.1	0.00266
3015.99	-14800	1136.8	-13663.2	0.002665
3012.64	-14803.5	1135.53	-13668	0.00267
2993.17	-14801.3	1128.19	-13673.1	0.002675
2987.36	-14792.8	1126	-13666.8	0.00268
2942.78	-14781.3	1109.2	-13672.1	0.002685
2920.69	-14772.2	1100.87	-13671.4	0.00269
2920.03	-14769.5	1100.63	-13668.9	0.002695
2943.5	-14773.7	1109.47	-13664.2	0.0027
2981.18	-14781.9	1123.67	-13658.3	0.002705
2999.32	-14789.2	1130.51	-13658.7	0.00271
3003.3	-14791.9	1132.01	-13659.9	0.002715
3011.9	-14790	1135.25	-13654.8	0.00272
3031.52	-14785.5	1142.65	-13642.9	0.002725
3022.9	-14780.5	1139.4	-13641.1	0.00273
3010.62	-14774.9	1134.77	-13640.1	0.002735
2991.19	-14769.9	1127.45	-13642.5	0.00274
2996.45	-14768.4	1129.43	-13639	0.002745
3010.72	-14772.7	1134.81	-13637.9	0.00275
3041.77	-14782.1	1146.51	-13635.6	0.002755
3075.11	-14794.2	1159.08	-13635.1	0.00276
3093.11	-14804.5	1165.86	-13638.6	0.002765
3094.53	-14808.5	1166.4	-13642.1	0.00277
3106.34	-14804.9	1170.85	-13634	0.002775
3084.84	-14796.4	1162.75	-13633.6	0.00278
3060.11	-14787.6	1153.42	-13634.2	0.002785
3031.92	-14781.9	1142.8	-13639.1	0.00279
3024.27	-14779.3	1139.91	-13639.4	0.002795
3022.92	-14777.8	1139.41	-13638.4	0.0028
3029.48	-14775	1141.88	-13633.1	0.002805
3027.9	-14770.2	1141.29	-13628.9	0.00281
2996.39	-14764.5	1129.41	-13635.1	0.002815
2988.72	-14759.3	1126.52	-13632.8	0.00282
2973.59	-14754.9	1120.81	-13634.1	0.002825
2972.44	-14751.5	1120.38	-13631.1	0.00283
2979.9	-14747.6	1123.19	-13624.4	0.002835
2979.87	-14742.6	1123.18	-13619.5	0.00284
2981.53	-14737.4	1123.81	-13613.6	0.002845
2980.85	-14734.5	1123.55	-13610.9	0.00285
2978.62	-14736.5	1122.71	-13613.8	0.002855
3027.87	-14744.8	1141.27	-13603.5	0.00286
3051.34	-14756.4	1150.12	-13606.3	0.002865
3068.47	-14766.2	1156.57	-13609.6	0.00287
3096.88	-14769.2	1167.28	-13601.9	0.002875
3103.18	-14763.7	1169.66	-13594	0.00288
3094.9	-14751.3	1166.54	-13584.8	0.002885
3071.27	-14736.2	1157.63	-13578.6	0.00289
3048.34	-14723.8	1148.99	-13574.8	0.002895
3033.65	-14717	1143.45	-13573.5	0.0029
3038.85	-14716.4	1145.41	-13571	0.002905
3072.04	-14719.2	1157.92	-13561.3	0.00291
3075.83	-14720.8	1159.35	-13561.5	0.002915
3065.94	-14717.8	1155.62	-13562.1	0.00292
3026.67	-14710.7	1140.82	-13569.9	0.002925
3008.52	-14704.8	1133.98	-13570.9	0.00293
3015.9	-14705.2	1136.76	-13568.4	0.002935
3024.93	-14712.8	1140.17	-13572.6	0.00294
3051.52	-14724.7	1150.19	-13574.5	0.002945
3080.62	-14736	1161.15	-13574.8	0.00295
3080.08	-14740.7	1160.95	-13579.7	0.002955
3077.1	-14736.8	1159.83	-13577	0.00296
3048.29	-14726.6	1148.97	-13577.6	0.002965
2988.76	-14716	1126.53	-13589.4	0.00297
2984.18	-14709.9	1124.8	-13585.1	0.002975
2975.2	-14708.4	1121.42	-13587	0.00298
2962.8	-14709.8	1116.75	-13593.1	0.002985
2973.17	-14713.5	1120.66	-13592.8	0.00299
2982.82	-14718.5	1124.29	-13594.2	0.002995
2991.71	-14723.9	1127.64	-13596.3	0.003
3026.23	-14728.8	1140.66	-13588.1	0.003005
3021.63	-14730.5	1138.92	-13591.5	0.00301
3023.81	-14727.2	1139.74	-13587.5	0.003015
3009.85	-14720	1134.48	-13585.5	0.00302
2975.89	-14712.4	1121.68	-13590.7	0.003025
2961.94	-14708.5	1116.42	-13592.1	0.00303
2945.22	-14710.1	1110.12	-13600	0.003035
2982.64	-14717.6	1124.22	-13593.4	0.00304
3011.18	-14729.1	1134.98	-13594.2	0.003045
3050.02	-14741.2	1149.62	-13591.6	0.00305
3068.95	-14749.5	1156.76	-13592.7	0.003055
3078.09	-14751.4	1160.2	-13591.2	0.00306
3042.7	-14747.8	1146.86	-13600.9	0.003065
3053.61	-14742.4	1150.97	-13591.4	0.00307
3035.85	-14737.9	1144.28	-13593.6	0.003075
3046.85	-14735.7	1148.43	-13587.3	0.00308
3028.12	-14734.8	1141.37	-13593.5	0.003085
3016.25	-14734.7	1136.89	-13597.8	0.00309
3019.78	-14735.4	1138.22	-13597.2	0.003095
3051.94	-14736.4	1150.34	-13586	0.0031
3060.74	-14736.2	1153.66	-13582.5	0.003105
3064.37	-14734.9	1155.03	-13579.8	0.00311
3061.59	-14734.5	1153.98	-13580.5	0.003115
3067.9	-14737.4	1156.36	-13581	0.00312
3073.34	-14742.1	1158.41	-13583.7	0.003125
3068.17	-14744.6	1156.46	-13588.1	0.00313
3070.32	-14742.8	1157.27	-13585.5	0.003135
3066.25	-14738.1	1155.74	-13582.4	0.00314
3059.32	-14735.1	1153.13	-13582	0.003145
3072.75	-14737.3	1158.19	-13579.2	0.00315
3097.48	-14744.5	1167.51	-13577	0.003155
3098.42	-14753.2	1167.86	-13585.3	0.00316
3121.93	-14759.8	1176.72	-13583.1	0.003165
3125.07	-14762.3	1177.91	-13584.4	0.00317
3130.22	-14760.7	1179.85	-13580.8	0.003175
3089.67	-14756.1	1164.57	-13591.6	0.00318
3050.71	-14751	1149.88	-13601.1	0.003185
3027.62	-14747.6	1141.18	-13606.4	0.00319
3006.22	-14747.3	1133.11	-13614.2	0.003195
2980.35	-14749.8	1123.36	-13626.5	0.0032
2997.8	-14754	1129.94	-13624	0.003205
3028.43	-14757.5	1141.48	-13616	0.00321
3049.62	-14758.6	1149.47	-13609.1	0.003215
3040.9	-14756.8	1146.18	-13610.6	0.00322
3037.37	-14752.8	1144.85	-13607.9	0.003225
3042.41	-14747.4	1146.75	-13600.6	0.00323
3045.51	-14741.1	1147.92	-13593.2	0.003235
3021.54	-14735.3	1138.89	-13596.4	0.00324
3029.93	-14731	1142.05	-13588.9	0.003245
3006.07	-14728.5	1133.06	-13595.5	0.00325
3007	-14727.6	1133.41	-13594.2	0.003255
3008.19	-14726.7	1133.86	-13592.9	0.00326
3010.07	-14724.8	1134.56	-13590.3	0.003265
3011.43	-14723.1	1135.08	-13588	0.00327
3005.45	-14723.1	1132.82	-13590.3	0.003275
3017.46	-14724.9	1137.35	-13587.6	0.00328
3014.33	-14727.7	1136.17	-13591.5	0.003285
3011.42	-14730.7	1135.07	-13595.7	0.00329
3011.79	-14733	1135.21	-13597.8	0.003295
3012.71	-14733.8	1135.56	-13598.3	0.0033
3004.19	-14734	1132.35	-13601.7	0.003305
3014.53	-14734.8	1136.24	-13598.5	0.00331
3024.79	-14736.2	1140.11	-13596.1	0.003315
3006.26	-14738	1133.13	-13604.9	0.00332
3003.2	-14740.3	1131.97	-13608.3	0.003325
2983.21	-14742.8	1124.44	-13618.4	0.00333
2996.89	-14745.4	1129.6	-13615.8	0.003335
2990.1	-14747.2	1127.04	-13620.2	0.00334
2998.74	-14748.5	1130.29	-13618.2	0.003345
2982.02	-14749.4	1123.99	-13625.4	0.00335
2998.51	-14749.6	1130.21	-13619.4	0.003355
2995.53	-14749	1129.08	-13620	0.00336
2979.49	-14748.9	1123.04	-13625.9	0.003365
2979.2	-14750.5	1122.93	-13627.5	0.00337
2984.35	-14752.6	1124.87	-13627.7	0.003375
2969.78	-14753.6	1119.38	-13634.2	0.00338
2981.34	-14753.4	1123.73	-13629.7	0.003385
2987.26	-14752.1	1125.97	-13626.2	0.00339
2993.39	-14751	1128.28	-13622.7	0.003395
3006.71	-14752.4	1133.3	-13619.1	0.0034
3024.9	-14755.5	1140.15	-13615.3	0.003405
3027.12	-14761.5	1140.99	-13620.5	0.00341
3021.43	-14765.4	1138.84	-13626.5	0.003415
3012.2	-14766.3	1135.36	-13630.9	0.00342
3014.29	-14765.8	1136.15	-13629.6	0.003425
2997.21	-14763.9	1129.72	-13634.2	0.00343
2975.8	-14760.5	1121.65	-13638.8	0.003435
2978.7	-14754.7	1122.74	-13632	0.00344
2935.17	-14746	1106.33	-13639.6	0.003445
2925.44	-14734.6	1102.66	-13632	0.00345
2907.92	-14723.3	1096.06	-13627.2	0.003455
2883.31	-14717.1	1086.79	-13630.3	0.00346
2895.89	-14720	1091.52	-13628.5	0.003465
2914.51	-14730.1	1098.55	-13631.5	0.00347
2965.9	-14742.1	1117.92	-13624.2	0.003475
2995.13	-14751.3	1128.93	-13622.3	0.00348
3007.78	-14755.6	1133.7	-13621.9	0.003485
3021.49	-14756.3	1138.87	-13617.4	0.00349
3024.08	-14755.1	1139.84	-13615.3	0.003495
3005.76	-14753.3	1132.94	-13620.3	0.0035
2978.96	-14751.3	1122.84	-13628.5	0.003505
2971.76	-14749.3	1120.12	-13629.2	0.00351
2955.59	-14747.8	1114.03	-13633.8	0.003515
2939.99	-14748.7	1108.15	-13640.5	0.00352
2939.31	-14752.5	1107.89	-13644.6	0.003525
2963.75	-14757.6	1117.1	-13640.5	0.00353
2961.04	-14761.9	1116.08	-13645.9	0.003535
2953.2	-14765.3	1113.13	-13652.2	0.00354
2966.14	-14768.6	1118	-13650.6	0.003545
2980.23	-14770.2	1123.32	-13646.8	0.00355
2979.24	-14768.7	1122.94	-13645.8	0.003555
2989.2	-14764.9	1126.7	-13638.2	0.00356
2972.8	-14760.6	1120.52	-13640.1	0.003565
2939.32	-14758.4	1107.9	-13650.5	0.00357
2960.42	-14759.4	1115.85	-13643.5	0.003575
2965.73	-14761.4	1117.85	-13643.5	0.00358
2958.81	-14761.6	1115.24	-13646.4	0.003585
2936.21	-14759.9	1106.72	-13653.2	0.00359
2927.92	-14758.3	1103.6	-13654.7	0.003595
2941.56	-14757	1108.74	-13648.3	0.0036
2942.23	-14754.7	1108.99	-13645.7	0.003605
2919.82	-14751.1	1100.55	-13650.6	0.00361
2895.67	-14747.9	1091.44	-13656.4	0.003615
2932.29	-14746	1105.25	-13640.8	0.00362
2932.81	-14744.7	1105.44	-13639.3	0.003625
2965.86	-14743.6	1117.9	-13625.7	0.00363
2946.13	-14741.7	1110.46	-13631.2	0.003635
2931.75	-14738.3	1105.04	-13633.3	0.00364
2921.63	-14736.2	1101.23	-13635	0.003645
2944.34	-14739.2	1109.79	-13629.4	0.00365
2949.93	-14747.9	1111.9	-13636	0.003655
2989.95	-14756.7	1126.98	-13629.8	0.00366
2975.7	-14759.1	1121.61	-13637.5	0.003665
2950.36	-14753	1112.06	-13641	0.00367
2940.16	-14742.1	1108.21	-13633.9	0.003675
2926.18	-14732.1	1102.94	-13629.2	0.00368
2925.03	-14727.7	1102.51	-13625.2	0.003685
2937.28	-14730.4	1107.13	-13623.3	0.00369
2959.58	-14738.1	1115.53	-13622.6	0.003695
2973.43	-14746.5	1120.75	-13625.8	0.0037
2993.13	-14752.2	1128.18	-13624.1	0.003705
2967.26	-14754	1118.43	-13635.6	0.00371
2973.44	-14752.3	1120.76	-13631.5	0.003715
2961.85	-14747.3	1116.39	-13630.9	0.00372
2959.28	-14739.7	1115.42	-13624.3	0.003725
2936.41	-14732.6	1106.8	-13625.8	0.00373
2929.1	-14730.3	1104.04	-13626.3	0.003735
2970.14	-14734.3	1119.51	-13614.8	0.00374
2980.75	-14741.2	1123.51	-13617.7	0.003745
3001.71	-14745.9	1131.41	-13614.5	0.00375
2980.79	-14743.5	1123.53	-13619.9	0.003755
2972.32	-14734.6	1120.34	-13614.3	0.00376
2942.93	-14724.9	1109.26	-13615.7	0.003765
2922.87	-14720.6	1101.7	-13618.9	0.00377
2945.57	-14723.5	1110.25	-13613.3	0.003775
2968.67	-14732	1118.96	-13613.1	0.00378
2981.67	-14739.6	1123.86	-13615.7	0.003785
3018.35	-14742.6	1137.68	-13605	0.00379
3007.41	-14740.9	1133.56	-13607.4	0.003795
2978.13	-14735.5	1122.52	-13613	0.0038
2994.63	-14732.4	1128.75	-13603.6	0.003805
3007.39	-14730	1133.55	-13596.5	0.00381
2994.77	-14724.1	1128.8	-13595.3	0.003815
2985.84	-14713.6	1125.43	-13588.2	0.00382
2951.84	-14701.3	1112.62	-13588.6	0.003825
2927.18	-14692.3	1103.32	-13589	0.00383
2934.21	-14690.9	1105.97	-13584.9	0.003835
2923.06	-14695.3	1101.77	-13593.6	0.00384
2948.16	-14702.4	1111.23	-13591.1	0.003845
2945.71	-14707.3	1110.3	-13597	0.00385
2946.74	-14707.9	1110.69	-13597.2	0.003855
2964.65	-14706.2	1117.44	-13588.7	0.00386
2944.07	-14706.9	1109.69	-13597.2	0.003865
2943.3	-14709	1109.4	-13599.6	0.00387
2957	-14714.8	1114.56	-13600.2	0.003875
2955.47	-14720	1113.98	-13606	0.00388
2970.38	-14721.9	1119.6	-13602.3	0.003885
2986.49	-14721.1	1125.67	-13595.4	0.00389
2987.97	-14718.6	1126.23	-13592.4	0.003895
2972.29	-14715.9	1120.32	-13595.6	0.0039
2966.96	-14713	1118.31	-13594.7	0.003905
2949.52	-14710.1	1111.74	-13598.3	0.00391
2928.48	-14708.4	1103.81	-13604.6	0.003915
2940.87	-14709.6	1108.48	-13601.2	0.00392
2935.37	-14712.9	1106.41	-13606.5	0.003925
2940.24	-14717.2	1108.24	-13608.9	0.00393
2950.15	-14721.2	1111.98	-13609.3	0.003935
2971.83	-14724.2	1120.15	-13604.1	0.00394
2980.94	-14726.5	1123.58	-13603	0.003945
2981.86	-14728.1	1123.93	-13604.1	0.00395
2987.23	-14729.5	1125.95	-13603.5	0.003955
2988.31	-14730.2	1126.36	-13603.8	0.00396
3008.69	-14729.7	1134.04	-13595.7	0.003965
3001.16	-14725.9	1131.2	-13594.7	0.00397
2995.55	-14719.1	1129.09	-13590	0.003975
2973.71	-14712.5	1120.86	-13591.7	0.00398
2986.33	-14709.9	1125.61	-13584.3	0.003985
2972.07	-14709.6	1120.24	-13589.3	0.00399
3012.23	-14711.1	1135.38	-13575.7	0.003995
2994.95	-14706.2	1128.87	-13577.4	0.004
2981.7	-14696.8	1123.87	-13572.9	0.004005
2952.63	-14686.7	1112.91	-13573.8	0.00401
2946.82	-14679.7	1110.72	-13569	0.004015
2909.84	-14679	1096.78	-13582.2	0.00402
2923.75	-14684.7	1102.03	-13582.7	0.004025
2963.86	-14694.1	1117.15	-13576.9	0.00403
2996.71	-14703	1129.53	-13573.4	0.004035
3032.97	-14709.7	1143.2	-13566.6	0.00404
3030.52	-14714.3	1142.27	-13572	0.004045
3026.34	-14715.2	1140.7	-13574.5	0.00405
3024.92	-14712.5	1140.16	-13572.3	0.004055
3018.85	-14707.3	1137.87	-13569.5	0.00406
2987.01	-14700.7	1125.87	-13574.8	0.004065
2966.34	-14696.6	1118.08	-13578.6	0.00407
2965.27	-14696.2	1117.68	-13578.5	0.004075
2983.09	-14698.5	1124.39	-13574.1	0.00408
2985.43	-14702.1	1125.28	-13576.8	0.004085
2992.17	-14705.2	1127.82	-13577.4	0.00409
2979.52	-14707.6	1123.05	-13584.5	0.004095
2984.92	-14709.6	1125.08	-13584.6	0.0041
2988.25	-14711.3	1126.34	-13584.9	0.004105
2983.24	-14711.7	1124.45	-13587.2	0.00411
3012.18	-14711.1	1135.36	-13575.8	0.004115
2988.61	-14710.1	1126.48	-13583.6	0.00412
2987.17	-14709.3	1125.93	-13583.3	0.004125
3001.31	-14707.1	1131.26	-13575.8	0.00413
2991.79	-14702.3	1127.67	-13574.6	0.004135
3002.61	-14697.7	1131.75	-13566	0.00414
2999.34	-14694.9	1130.52	-13564.3	0.004145
2996.92	-14693.2	1129.61	-13563.6	0.00415
3024.67	-14692	1140.07	-13551.9	0.004155
3023.44	-14691	1139.6	-13551.4	0.00416
3027.43	-14692.5	1141.11	-13551.4	0.004165
3028.55	-14695.8	1141.53	-13554.2	0.00417
3042.87	-14699.2	1146.93	-13552.2	0.004175
3057.93	-14701.7	1152.6	-13549.1	0.00418
3056.12	-14703.1	1151.92	-13551.2	0.004185
3070.49	-14702.3	1157.34	-13544.9	0.00419
3081.58	-14699.8	1161.52	-13538.3	0.004195
3064.36	-14695.4	1155.03	-13540.4	0.0042
3038.53	-14688.1	1145.29	-13542.8	0.004205
3026.65	-14679.3	1140.81	-13538.5	0.00421
3019.93	-14672.4	1138.28	-13534.2	0.004215
3028.53	-14671.5	1141.52	-13530	0.00422
3034.79	-14676.2	1143.88	-13532.3	0.004225
3050.89	-14686.5	1149.95	-13536.5	0.00423
3088.89	-14695.4	1164.27	-13531.1	0.004235
3102.12	-14700.8	1169.26	-13531.5	0.00424
3099.32	-14700.4	1168.2	-13532.2	0.004245
3104.56	-14695.2	1170.18	-13525	0.00425
3089.3	-14686.6	1164.43	-13522.2	0.004255
3051.94	-14676.8	1150.35	-13526.5	0.00426
3049.5	-14668.3	1149.43	-13518.9	0.004265
3001.44	-14661.7	1131.31	-13530.4	0.00427
3006.64	-14663.2	1133.27	-13529.9	0.004275
3041.25	-14674.1	1146.31	-13527.8	0.00428
3038.16	-14689.9	1145.15	-13544.7	0.004285
3079.74	-14704.3	1160.82	-13543.5	0.00429
3097.8	-14711.9	1167.63	-13544.3	0.004295
3087.03	-14710.7	1163.57	-13547.1	0.0043
3078.74	-14704.3	1160.45	-13543.9	0.004305
3066.48	-14695.2	1155.83	-13539.4	0.00431
3042.72	-14686.2	1146.87	-13539.3	0.004315
3040.26	-14677.8	1145.94	-13531.9	0.00432
2978.7	-14669.2	1122.74	-13546.4	0.004325
2970.7	-14662.2	1119.72	-13542.5	0.00433
2936.46	-14655.7	1106.82	-13548.9	0.004335
2926.9	-14653.1	1103.22	-13549.9	0.00434
2942.57	-14653.7	1109.12	-13544.6	0.004345
2983.21	-14660	1124.44	-13535.6	0.00435
3010.14	-14667.9	1134.59	-13533.3	0.004355
3007.42	-14673.2	1133.56	-13539.7	0.00436
3000.88	-14674.9	1131.1	-13543.8	0.004365
2990.28	-14674.2	1127.1	-13547.1	0.00437
3001.12	-14672.6	1131.19	-13541.4	0.004375
3000.99	-14671.1	1131.14	-13540	0.00438
3017.37	-14671.6	1137.31	-13534.3	0.004385
3006.3	-14674	1133.14	-13540.8	0.00439
3047.95	-14677.8	1148.84	-13528.9	0.004395
3062.12	-14680.8	1154.18	-13526.6	0.0044
3064.44	-14682.4	1155.05	-13527.3	0.004405
3073.83	-14683.1	1158.59	-13524.6	0.00441
3056.79	-14682.4	1152.17	-13530.2	0.004415
3035.43	-14679.1	1144.12	-13535	0.00442
3023.63	-14675	1139.68	-13535.3	0.004425
3041.78	-14674.3	1146.51	-13527.7	0.00443
3036.93	-14677.2	1144.69	-13532.5	0.004435
3045.52	-14683	1147.93	-13535.1	0.00444
3057.83	-14688.4	1152.57	-13535.8	0.004445
3087.61	-14691	1163.79	-13527.2	0.00445
3065.51	-14689.5	1155.46	-13534	0.004455
3057.26	-14685.9	1152.35	-13533.5	0.00446
3044.84	-14682.6	1147.67	-13535	0.004465
3006.58	-14681.4	1133.25	-13548.2	0.00447
2995.5	-14683.7	1129.07	-13554.7	0.004475
3023.98	-14689	1139.81	-13549.2	0.00448
3040.4	-14693.4	1146	-13547.4	0.004485
3057.53	-14692.4	1152.45	-13540	0.00449
3022.62	-14685	1139.29	-13545.7	0.004495
2995.41	-14676.6	1129.04	-13547.6	0.0045
2989.05	-14671.7	1126.64	-13545.1	0.004505
3008.09	-14672.4	1133.82	-13538.6	0.00451
3014	-14676	1136.05	-13540	0.004515
3015.9	-14679.1	1136.76	-13542.3	0.00452
3021.65	-14677.4	1138.93	-13538.4	0.004525
3000.43	-14671.4	1130.93	-13540.4	0.00453
2991.06	-14664.4	1127.4	-13537	0.004535
2989.94	-14661.8	1126.98	-13534.8	0.00454
3020.56	-14664.4	1138.52	-13525.9	0.004545
3025.13	-14671.1	1140.24	-13530.9	0.00455
3049.03	-14679.6	1149.25	-13530.3	0.004555
3059.41	-14685.9	1153.16	-13532.7	0.00456
3066.99	-14687.1	1156.02	-13531.1	0.004565
3056.71	-14683.1	1152.14	-13531	0.00457
3005.98	-14676.9	1133.02	-13543.9	0.004575
2981.44	-14671.5	1123.77	-13547.7	0.00458
2985.11	-14668.4	1125.15	-13543.3	0.004585
2961.99	-14667.3	1116.44	-13550.8	0.00459
2973.91	-14667.5	1120.93	-13546.6	0.004595
2981.03	-14668.7	1123.62	-13545	0.0046
3011.74	-14670.3	1135.19	-13535.1	0.004605
3002.97	-14671.2	1131.89	-13539.3	0.00461
3013.51	-14671.2	1135.86	-13535.3	0.004615
3018.45	-14667.2	1137.72	-13529.5	0.00462
3006.91	-14660	1133.37	-13526.6	0.004625
2982.66	-14652.9	1124.23	-13528.6	0.00463
3001.02	-14653.2	1131.15	-13522.1	0.004635
3008.47	-14656.6	1133.96	-13522.7	0.00464
3031.56	-14660.5	1142.66	-13517.8	0.004645
3029.09	-14663.1	1141.73	-13521.3	0.00465
3010.78	-14664.4	1134.83	-13529.6	0.004655
3024	-14665.4	1139.81	-13525.6	0.00466
3048.5	-14666	1149.05	-13516.9	0.004665
3043.63	-14667.2	1147.21	-13520	0.00467
3041.25	-14669.2	1146.32	-13522.9	0.004675
3039.06	-14668.9	1145.49	-13523.4	0.00468
3039.55	-14664	1145.68	-13518.3	0.004685
3031.45	-14656.9	1142.62	-13514.3	0.00469
3016.08	-14651	1136.83	-13514.1	0.004695
3006.88	-14648.7	1133.36	-13515.4	0.0047
3044.83	-14650.1	1147.66	-13502.4	0.004705
3035.76	-14651.9	1144.25	-13507.6	0.00471
3040.95	-14653.5	1146.2	-13507.3	0.004715
3051.35	-14653.2	1150.12	-13503.1	0.00472
3072.61	-14653.1	1158.14	-13494.9	0.004725
3069.1	-14651.3	1156.81	-13494.5	0.00473
3064.49	-14648.8	1155.08	-13493.7	0.004735
3066.68	-14645.8	1155.9	-13489.9	0.00474
3075.07	-14642.8	1159.06	-13483.8	0.004745
3049.58	-14639.7	1149.45	-13490.3	0.00475
3045.74	-14638.2	1148.01	-13490.2	0.004755
3041.66	-14637.9	1146.47	-13491.4	0.00476
3052	-14637.4	1150.37	-13487	0.004765
3058.43	-14638.2	1152.79	-13485.4	0.00477
3091.22	-14640.6	1165.15	-13475.5	0.004775
3087.56	-14644.8	1163.77	-13481	0.00478
3084.54	-14649.5	1162.63	-13486.8	0.004785
3108.25	-14653.5	1171.57	-13481.9	0.00479
3149.5	-14654.5	1187.12	-13467.4	0.004795
3127.82	-14652.4	1178.95	-13473.5	0.0048
3090.89	-14651.1	1165.03	-13486	0.004805
3079.97	-14652.5	1160.91	-13491.6	0.00481
3106.74	-14656.1	1171	-13485.1	0.004815
3114.36	-14659.3	1173.87	-13485.4	0.00482
3131.44	-14660.4	1180.31	-13480	0.004825
3110.13	-14659.6	1172.28	-13487.3	0.00483
3101.79	-14656.3	1169.13	-13487.1	0.004835
3096.18	-14651.8	1167.02	-13484.8	0.00484
3065.66	-14646	1155.52	-13490.5	0.004845
3039.51	-14639.1	1145.66	-13493.4	0.00485
3025.65	-14632.8	1140.43	-13492.3	0.004855
3022.2	-14630.6	1139.13	-13491.4	0.00486
3026.83	-14635.2	1140.88	-13494.3	0.004865
3042.03	-14644.4	1146.61	-13497.8	0.00487
3084.1	-14656.9	1162.47	-13494.4	0.004875
3098.84	-14667.6	1168.02	-13499.5	0.00488
3109.78	-14673.7	1172.15	-13501.5	0.004885
3087.84	-14674	1163.88	-13510.1	0.00489
3070.4	-14670	1157.3	-13512.7	0.004895
3037.4	-14664.8	1144.86	-13520	0.0049
3023.51	-14660.2	1139.63	-13520.6	0.004905
3006.16	-14653.2	1133.09	-13520.1	0.00491
2989.49	-14642.9	1126.81	-13516.1	0.004915
2955.33	-14632.4	1113.93	-13518.5	0.00492
2960.3	-14628.9	1115.8	-13513.1	0.004925
2964.26	-14635.3	1117.3	-13518	0.00493
2989.69	-14647.1	1126.88	-13520.2	0.004935
3038.46	-14657.2	1145.26	-13511.9	0.00494
3026.5	-14661.3	1140.76	-13520.5	0.004945
3020.06	-14660.6	1138.33	-13522.2	0.00495
3017.02	-14658	1137.18	-13520.8	0.004955
3008.25	-14653.9	1133.88	-13520	0.00496
3008.66	-14648.2	1134.03	-13514.1	0.004965
3021.18	-14642.1	1138.75	-13503.4	0.00497
3019.8	-14638.1	1138.23	-13499.9	0.004975
3008.43	-14637.5	1133.95	-13503.5	0.00498
3011.88	-14637.7	1135.25	-13502.4	0.004985
3002.14	-14635	1131.58	-13503.4	0.00499
3005.14	-14629.8	1132.71	-13497.1	0.004995
