-17.5748	1.7217	-21.0182	0
-18.262	1.0724	-20.4068	0.5
-18.2697	1.06466	-20.399	1
-18.3576	0.976008	-20.3096	1.5
-18.3292	1.00027	-20.3297	2
-18.2834	1.05105	-20.3854	2.5
-18.2948	1.04116	-20.3771	3
-18.2881	1.05186	-20.3918	3.5
-18.3067	1.02511	-20.357	4
-18.346	0.990026	-20.326	4.5
-18.3255	1.00871	-20.3429	5
-18.3603	0.975014	-20.3103	5.5
-18.2314	1.10536	-20.4421	6
-18.376	0.95368	-20.2833	6.5
-18.3385	0.997863	-20.3343	7
-18.2985	1.03554	-20.3696	7.5
-18.3578	0.978071	-20.314	8
-18.3212	1.00985	-20.3409	8.5
-18.2868	1.04311	-20.373	9
-18.296	1.03565	-20.3673	9.5
-18.3267	1.00563	-20.338	10
-18.2978	1.03246	-20.3628	10.5
-18.3774	0.951942	-20.2812	11
-18.3023	1.03073	-20.3637	11.5
-18.3228	1.00661	-20.336	12
-18.2587	1.07609	-20.4108	12.5
-18.3316	1.00069	-20.3329	13
-18.3687	0.965812	-20.3003	13.5
-18.3388	0.991864	-20.3225	14
-18.3218	1.0104	-20.3426	14.5
-18.2908	1.04364	-20.3781	15
-18.2981	1.03457	-20.3672	15.5
-18.3044	1.02873	-20.3619	16
-18.3483	0.984985	-20.3183	16.5
-18.3341	0.997818	-20.3297	17
-18.2703	1.06472	-20.3997	17.5
-18.3542	0.983777	-20.3218	18
-18.3152	1.01451	-20.3442	18.5
-18.3274	1.00616	-20.3397	19
-18.3211	1.0162	-20.3535	19.5
-18.3809	0.954454	-20.2898	20
-18.3539	0.979668	-20.3133	20.5
-18.2687	1.06595	-20.4006	21
-18.3225	1.01295	-20.3484	21.5
-18.3541	0.981379	-20.3169	22
-18.3316	1.00571	-20.343	22.5
-18.3263	1.01044	-20.3472	23
-18.317	1.01553	-20.348	23.5
-18.334	0.997443	-20.3288	24
-18.306	1.02714	-20.3603	24.5
-18.3381	0.994158	-20.3264	25
-18.3339	1.00041	-20.3347	25.5
-18.2651	1.06814	-20.4014	26
-18.3088	1.01948	-20.3478	26.5
-18.2825	1.05126	-20.385	27
-18.3001	1.03438	-20.3689	27.5
-18.3208	1.01211	-20.345	28
-18.4058	0.927765	-20.2613	28.5
-18.317	1.01596	-20.3489	29
-18.3017	1.03157	-20.3648	29.5
-18.2766	1.05922	-20.3951	30
-18.3092	1.02481	-20.3588	30.5
-18.3489	0.988263	-20.3254	31
-18.3646	0.966167	-20.2969	31.5
-18.2935	1.04393	-20.3814	32
-18.3524	0.976295	-20.305	32.5
-18.3074	1.03122	-20.3699	33
-18.2984	1.03464	-20.3677	33.5
-18.3435	0.991923	-20.3274	34
-18.2939	1.04324	-20.3803	34.5
-18.3282	1.00929	-20.3467	35
-18.3605	0.976574	-20.3136	35.5
-18.2824	1.05153	-20.3855	36
-18.3227	1.01159	-20.3459	36.5
-18.3236	1.01391	-20.3514	37
-18.3751	0.955431	-20.2859	37.5
-18.3417	0.991686	-20.325	38
-18.323	1.01445	-20.3519	38.5
-18.2978	1.03842	-20.3746	39
-18.3561	0.981244	-20.3186	39.5
-18.277	1.052	-20.381	40
-18.3945	0.936623	-20.2678	40.5
-18.321	1.01094	-20.3429	41
-18.3044	1.03177	-20.3679	41.5
-18.254	1.08244	-20.4188	42
-18.3996	0.933259	-20.2662	42.5
-18.2806	1.05279	-20.3862	43
-18.384	0.948234	-20.2805	43.5
-18.3495	0.980863	-20.3112	44
-18.2539	1.08474	-20.4234	44.5
-18.2927	1.04535	-20.3834	45
-18.3342	1.00333	-20.3409	45.5
-18.2597	1.07414	-20.408	46
-18.3569	0.981856	-20.3206	46.5
-18.3458	0.989603	-20.325	47
-18.3704	0.961377	-20.2931	47.5
-18.301	1.02825	-20.3575	48
-18.353	0.982578	-20.3182	48.5
-18.3612	0.972831	-20.3069	49
-18.282	1.04937	-20.3808	49.5
-18.2901	1.04748	-20.385	50
-18.3276	1.01196	-20.3516	50.5
-18.3633	0.971306	-20.3059	51
-18.3102	1.02647	-20.3632	51.5
-18.2791	1.05835	-20.3958	52
-18.3404	0.994526	-20.3294	52.5
-18.3492	0.986694	-20.3226	53
-18.2523	1.07887	-20.4101	53.5
-18.3397	0.996083	-20.3319	54
-18.3517	0.982473	-20.3166	54.5
-18.2603	1.07866	-20.4176	55
-18.3245	1.00893	-20.3423	55.5
-18.3119	1.02155	-20.355	56
-18.3217	1.01103	-20.3438	56.5
-18.2662	1.06563	-20.3975	57
-18.3151	1.01831	-20.3518	57.5
-18.2992	1.03454	-20.3683	58
-18.3433	0.994148	-20.3316	58.5
-18.3078	1.03029	-20.3684	59
-18.3356	0.998913	-20.3334	59.5
-18.3596	0.974519	-20.3087	60
-18.4124	0.923381	-20.2591	60.5
-18.2737	1.05861	-20.3909	61
-18.3137	1.0199	-20.3535	61.5
-18.3737	0.960018	-20.2938	62
-18.2964	1.04047	-20.3773	62.5
-18.3664	0.96776	-20.3019	63
-18.2808	1.05511	-20.391	63.5
-18.32	1.01122	-20.3424	64
-18.371	0.960951	-20.2929	64.5
-18.2723	1.06999	-20.4123	65
-18.271	1.06294	-20.3969	65.5
-18.273	1.0612	-20.3954	66
-18.3789	0.958364	-20.2956	66.5
-18.2724	1.06382	-20.4	67
-18.3104	1.03277	-20.376	67.5
-18.3692	0.966223	-20.3016	68
-18.3433	0.990702	-20.3247	68.5
-18.3114	1.02847	-20.3683	69
-18.329	1.00598	-20.3409	69.5
-18.3864	0.956404	-20.2992	70
-18.3597	0.978767	-20.3173	70.5
-18.3291	1.00447	-20.338	71
-18.258	1.07575	-20.4095	71.5
-18.3226	1.01203	-20.3467	72
-18.3658	0.974097	-20.314	72.5
-18.3016	1.03375	-20.3691	73
-18.2837	1.05077	-20.3852	73.5
-18.4077	0.929592	-20.2669	74
-18.2912	1.04216	-20.3755	74.5
-18.3423	0.996575	-20.3355	75
-18.3376	1.0014	-20.3404	75.5
-18.3062	1.03223	-20.3707	76
-18.3015	1.03954	-20.3805	76.5
-18.3202	1.01516	-20.3505	77
-18.3018	1.03728	-20.3763	77.5
-18.3052	1.03284	-20.3708	78
-18.317	1.01912	-20.3552	78.5
-18.3423	0.993687	-20.3297	79
-18.3482	0.990875	-20.33	79.5
-18.314	1.02035	-20.3547	80
-18.3052	1.03006	-20.3654	80.5
-18.2746	1.05979	-20.3942	81
-18.3295	1.00608	-20.3416	81.5
-18.3252	1.01371	-20.3526	82
-18.2959	1.03887	-20.3736	82.5
-18.3249	1.01483	-20.3546	83
-18.2977	1.03485	-20.3674	83.5
-18.3523	0.980873	-20.3141	84
-18.2319	1.10423	-20.4403	84.5
-18.3689	0.95969	-20.2883	85
-18.3254	1.01046	-20.3463	85.5
-18.2673	1.06964	-20.4066	86
-18.288	1.05258	-20.3931	86.5
-18.3324	1.00394	-20.3403	87
-18.3139	1.01743	-20.3488	87.5
-18.4044	0.929415	-20.2632	88
-18.2676	1.06461	-20.3968	88.5
-18.3309	1.0013	-20.3335	89
-18.3565	0.979021	-20.3145	89.5
-18.3536	0.978072	-20.3097	90
-18.3308	1.00392	-20.3386	90.5
-18.3353	1.00302	-20.3414	91
-18.3126	1.02438	-20.3613	91.5
-18.2527	1.08094	-20.4146	92
-18.2184	1.11343	-20.4452	92.5
-18.3124	1.01986	-20.3522	93
-18.296	1.03742	-20.3709	93.5
-18.2718	1.06369	-20.3992	94
-18.3215	1.01078	-20.3431	94.5
-18.3096	1.02217	-20.3539	95
-18.3076	1.0253	-20.3582	95.5
-18.2915	1.04393	-20.3794	96
-18.3143	1.01612	-20.3466	96.5
-18.2791	1.05347	-20.3861	97
-18.2717	1.06116	-20.394	97.5
-18.3436	0.986714	-20.317	98
-18.3205	1.01335	-20.3472	98.5
-18.3003	1.0323	-20.3649	99
-18.3038	1.03138	-20.3666	99.5
